 ---------- Problem start ----------


 S = [4295, 5107, 6075, 3147, 5177, 788, 3158, 2425]

 ---------- Q ---------- 

[-111141715, 21934565, 26092125, 13516365, 22235215, 3384460, 13563610, 10415375]
[21934565, -128006955, 31025025, 16071729, 26438939, 4024316, 16127906, 12384475]
[26092125, 31025025, -146389275, 19118025, 31450275, 4787100, 19184850, 14731875]
[13516365, 16071729, 19118025, -85047675, 16292019, 2479836, 9938226, 7631475]
[22235215, 26438939, 31450275, 16292019, -129399115, 4079476, 16348966, 12554225]
[3384460, 4024316, 4787100, 2479836, 4079476, -23154592, 2488504, 1910900]
[13563610, 16127906, 19184850, 9938226, 16348966, 2488504, -85310212, 7658150]
[10415375, 12384475, 14731875, 7631475, 12554225, 1910900, 7658150, -67286475]

---------- A ----------
[(0, 0), (0, 1), (1, 1), (1, 0), (1, 2), (2, 2), (2, 1), (2, 3), (3, 3), (3, 2), (3, 4), (4, 4), (4, 3), (4, 5), (5, 5), (5, 4), (5, 6), (6, 6), (6, 5), (6, 7), (7, 7), (7, 6)]
 -----------------------

---------- Started Algorithm ----------

Working on z1...
KeyboardInterrupt occurred before cycle
