 ---------- Problem start ----------


 S = [13881, 14769, 3389, 10811, 20027, 2334, 1231, 2562]

 ---------- Q ---------- 

[-765162363, 205008489, 47042709, 150067491, 277994787, 32398254, 17087511, 35563122]
[205008489, -800996715, 50052141, 159667659, 295778763, 34470846, 18180639, 37838178]
[47042709, 50052141, -222369235, 36638479, 67871503, 7909926, 4171859, 8682618]
[150067491, 159667659, 36638479, -629124523, 216511897, 25232874, 13308341, 27697782]
[277994787, 295778763, 67871503, 216511897, -980862379, 46743018, 24653237, 51309174]
[32398254, 34470846, 7909926, 25232874, 46743018, -155607780, 2873154, 5979708]
[17087511, 18180639, 4171859, 13308341, 24653237, 2873154, -83428563, 3153822]
[35563122, 37838178, 8682618, 27697782, 51309174, 5979708, 3153822, -170224404]

---------- A ----------
[(0, 0), (0, 1), (1, 1), (1, 0), (1, 2), (2, 2), (2, 1), (2, 3), (3, 3), (3, 2), (3, 4), (4, 4), (4, 3), (4, 5), (5, 5), (5, 4), (5, 6), (6, 6), (6, 5), (6, 7), (7, 7), (7, 6)]
 -----------------------

---------- Started Algorithm ----------

