 ---------- Problem start ----------


 S = [162, 407, 323, 616, 1265, 1350, 1096, 68]

 ---------- Q ---------- 

[-830250, 65934, 52326, 99792, 204930, 218700, 177552, 11016]
[65934, -1986160, 131461, 250712, 514855, 549450, 446072, 27676]
[52326, 131461, -1603372, 198968, 408595, 436050, 354008, 21964]
[99792, 250712, 198968, -2877336, 779240, 831600, 675136, 41888]
[204930, 514855, 408595, 779240, -5087830, 1707750, 1386440, 86020]
[218700, 549450, 436050, 831600, 1707750, -5314950, 1479600, 91800]
[177552, 446072, 354008, 675136, 1386440, 1479600, -4593336, 74528]
[11016, 27676, 21964, 41888, 86020, 91800, 74528, -354892]

---------- A ----------
[(0, 0), (0, 1), (1, 1), (1, 0), (1, 2), (2, 2), (2, 1), (2, 3), (3, 3), (3, 2), (3, 4), (4, 4), (4, 3), (4, 5), (5, 5), (5, 4), (5, 6), (6, 6), (6, 5), (6, 7), (7, 7), (7, 6)]
 -----------------------

---------- Started Algorithm ----------

