 ---------- Problem start ----------


 S = [34, 25, 28, 36, 19, 7, 37, 29]

 ---------- Q ---------- 

[-6154, 850, 952, 1224, 646, 238, 1258, 986]
[850, -4750, 700, 900, 475, 175, 925, 725]
[952, 700, -5236, 1008, 532, 196, 1036, 812]
[1224, 900, 1008, -6444, 684, 252, 1332, 1044]
[646, 475, 532, 684, -3724, 133, 703, 551]
[238, 175, 196, 252, 133, -1456, 259, 203]
[1258, 925, 1036, 1332, 703, 259, -6586, 1073]
[986, 725, 812, 1044, 551, 203, 1073, -5394]

---------- A ----------
[(0, 0), (0, 1), (1, 1), (1, 0), (1, 2), (2, 2), (2, 1), (2, 3), (3, 3), (3, 2), (3, 4), (4, 4), (4, 3), (4, 5), (5, 5), (5, 4), (5, 6), (6, 6), (6, 5), (6, 7), (7, 7), (7, 6)]
 -----------------------

---------- Started Algorithm ----------

