 ---------- Problem start ----------


 S = [226, 161, 77, 88, 127, 314, 122, 110]

 ---------- Q ---------- 

[-225774, 36386, 17402, 19888, 28702, 70964, 27572, 24860]
[36386, -171304, 12397, 14168, 20447, 50554, 19642, 17710]
[17402, 12397, -88396, 6776, 9779, 24178, 9394, 8470]
[19888, 14168, 6776, -100056, 11176, 27632, 10736, 9680]
[28702, 20447, 9779, 11176, -139446, 39878, 15494, 13970]
[70964, 50554, 24178, 27632, 39878, -286054, 38308, 34540]
[27572, 19642, 9394, 10736, 15494, 38308, -134566, 13420]
[24860, 17710, 8470, 9680, 13970, 34540, 13420, -122650]

---------- A ----------
[(0, 0), (0, 1), (1, 1), (1, 0), (1, 2), (2, 2), (2, 1), (2, 3), (3, 3), (3, 2), (3, 4), (4, 4), (4, 3), (4, 5), (5, 5), (5, 4), (5, 6), (6, 6), (6, 5), (6, 7), (7, 7), (7, 6)]
 -----------------------

---------- Started Algorithm ----------

