 ---------- Problem start ----------


 S = [424, 463, 125, 118, 80, 213, 189, 113]

 ---------- Q ---------- 

[-551624, 196312, 53000, 50032, 33920, 90312, 80136, 47912]
[196312, -584306, 57875, 54634, 37040, 98619, 87507, 52319]
[53000, 57875, -200000, 14750, 10000, 26625, 23625, 14125]
[50032, 54634, 14750, -189626, 9440, 25134, 22302, 13334]
[33920, 37040, 10000, 9440, -131600, 17040, 15120, 9040]
[90312, 98619, 26625, 25134, 17040, -322056, 40257, 24069]
[80136, 87507, 23625, 22302, 15120, 40257, -290304, 21357]
[47912, 52319, 14125, 13334, 9040, 24069, 21357, -182156]

---------- A ----------
[(0, 0), (0, 1), (1, 1), (1, 0), (1, 2), (2, 2), (2, 1), (2, 3), (3, 3), (3, 2), (3, 4), (4, 4), (4, 3), (4, 5), (5, 5), (5, 4), (5, 6), (6, 6), (6, 5), (6, 7), (7, 7), (7, 6)]
 -----------------------

---------- Started Algorithm ----------

