 ---------- Problem start ----------


 S = [4176, 4328, 2312, 3196, 3668, 989, 2058, 980]

 ---------- Q ---------- 

[-73209456, 18073728, 9654912, 13346496, 15317568, 4130064, 8594208, 4092480]
[18073728, -75216312, 10006336, 13832288, 15875104, 4280392, 8907024, 4241440]
[9654912, 10006336, -44841240, 7389152, 8480416, 2286568, 4758096, 2265760]
[13346496, 13832288, 7389152, -59161156, 11722928, 3160844, 6577368, 3132080]
[15317568, 15875104, 8480416, 11722928, -66167052, 3627652, 7548744, 3594640]
[4130064, 4280392, 2286568, 3160844, 3627652, -20490102, 2035362, 969220]
[8594208, 8907024, 4758096, 6577368, 7548744, 2035362, -40437642, 2016840]
[4092480, 4241440, 2265760, 3132080, 3594640, 969220, 2016840, -20312460]

---------- A ----------
[(0, 0), (0, 1), (1, 1), (1, 0), (1, 2), (2, 2), (2, 1), (2, 3), (3, 3), (3, 2), (3, 4), (4, 4), (4, 3), (4, 5), (5, 5), (5, 4), (5, 6), (6, 6), (6, 5), (6, 7), (7, 7), (7, 6)]
 -----------------------

---------- Started Algorithm ----------

-- -- Valori ciclo 1/100 -- --
p = 1, f_prime = -468637048, f_star = -468637048, e = 0, d = 0, Nmax = 50, dmin = 30 e lambda = 0.5
z* = [[ 1 -1  1  1 -1  1 -1  1]]
z' = [[1 1 1 1 1 1 1 1]]
Ci ho messo 0:00:00.000928 in totale

-- -- Valori ciclo 2/100 -- --
p = 1, f_prime = -457093824, f_star = -468637048, e = 0, d = 1, Nmax = 50, dmin = 30 e lambda = 0.3333333333333333
z* = [[ 1 -1  1  1 -1  1 -1  1]]
z' = [[ 1 -1  1  1 -1  1  1 -1]]
Ci ho messo 0:00:00.000099 in totale

-- -- Valori ciclo 3/100 -- --
p = 1, f_prime = -227428080, f_star = -468637048, e = 0, d = 2, Nmax = 50, dmin = 30 e lambda = 0.25
z* = [[ 1 -1  1  1 -1  1 -1  1]]
z' = [[ 1  1  1  1  1 -1 -1  1]]
Ci ho messo 0:00:00.000100 in totale

-- -- Valori ciclo 4/100 -- --
p = 1, f_prime = -243032824, f_star = -468637048, e = 0, d = 3, Nmax = 50, dmin = 30 e lambda = 0.2
z* = [[ 1 -1  1  1 -1  1 -1  1]]
z' = [[-1 -1  1 -1 -1  1 -1 -1]]
Ci ho messo 0:00:00.000099 in totale

-- -- Valori ciclo 5/100 -- --
p = 1, f_prime = -317607400, f_star = -468637048, e = 0, d = 4, Nmax = 50, dmin = 30 e lambda = 0.16666666666666666
z* = [[ 1 -1  1  1 -1  1 -1  1]]
z' = [[ 1  1  1  1 -1 -1  1  1]]
Ci ho messo 0:00:00.000108 in totale

-- -- Valori ciclo 6/100 -- --
p = 1, f_prime = -385834728, f_star = -468637048, e = 0, d = 5, Nmax = 50, dmin = 30 e lambda = 0.14285714285714285
z* = [[ 1 -1  1  1 -1  1 -1  1]]
z' = [[ 1 -1 -1 -1 -1 -1  1 -1]]
Ci ho messo 0:00:00.000091 in totale

-- -- Valori ciclo 7/100 -- --
p = 1, f_prime = -391359624, f_star = -468637048, e = 0, d = 6, Nmax = 50, dmin = 30 e lambda = 0.125
z* = [[ 1 -1  1  1 -1  1 -1  1]]
z' = [[-1  1 -1 -1 -1 -1  1 -1]]
Ci ho messo 0:00:00.000098 in totale

