 ---------- Problem start ----------


 S = [529, 2979, 96, 2957, 2775, 3250, 4176, 4538]

 ---------- Q ---------- 

[-10987859, 1575891, 50784, 1564253, 1467975, 1719250, 2209104, 2400602]
[1575891, -54578259, 285984, 8808903, 8266725, 9681750, 12440304, 13518702]
[50784, 285984, -2035584, 283872, 266400, 312000, 400896, 435648]
[1564253, 8808903, 283872, -54240251, 8205675, 9610250, 12348432, 13418866]
[1467975, 8266725, 266400, 8205675, -51406875, 9018750, 11588400, 12592950]
[1719250, 9681750, 312000, 9610250, 9018750, -58662500, 13572000, 14748500]
[2209104, 12440304, 400896, 12348432, 11588400, 13572000, -71509824, 18950688]
[2400602, 13518702, 435648, 13418866, 12592950, 14748500, 18950688, -76065956]

---------- A ----------
[(0, 0), (0, 1), (1, 1), (1, 0), (1, 2), (2, 2), (2, 1), (2, 3), (3, 3), (3, 2), (3, 4), (4, 4), (4, 3), (4, 5), (5, 5), (5, 4), (5, 6), (6, 6), (6, 5), (6, 7), (7, 7), (7, 6)]
 -----------------------

---------- Started Algorithm ----------

