 ---------- Problem start ----------


 S = [13, 6, 10, 19, 19, 13, 10, 6]

 ---------- Q ---------- 

[-1079, 78, 130, 247, 247, 169, 130, 78]
[78, -540, 60, 114, 114, 78, 60, 36]
[130, 60, -860, 190, 190, 130, 100, 60]
[247, 114, 190, -1463, 361, 247, 190, 114]
[247, 114, 190, 361, -1463, 247, 190, 114]
[169, 78, 130, 247, 247, -1079, 130, 78]
[130, 60, 100, 190, 190, 130, -860, 60]
[78, 36, 60, 114, 114, 78, 60, -540]

---------- A ----------
[(0, 0), (0, 1), (1, 1), (1, 0), (1, 2), (2, 2), (2, 1), (2, 3), (3, 3), (3, 2), (3, 4), (4, 4), (4, 3), (4, 5), (5, 5), (5, 4), (5, 6), (6, 6), (6, 5), (6, 7), (7, 7), (7, 6)]
 -----------------------

---------- Started Algorithm ----------

