 ---------- Problem start ----------


 S = [250, 986, 1093, 622, 491, 921, 157, 413]

 ---------- Q ---------- 

[-1170750, 246500, 273250, 155500, 122750, 230250, 39250, 103250]
[246500, -3891742, 1077698, 613292, 484126, 908106, 154802, 407218]
[273250, 1077698, -4197120, 679846, 536663, 1006653, 171601, 451409]
[155500, 613292, 679846, -2681442, 305402, 572862, 97654, 256886]
[122750, 484126, 536663, 305402, -2181022, 452211, 77087, 202783]
[230250, 908106, 1006653, 572862, 452211, -3695052, 144597, 380373]
[39250, 154802, 171601, 97654, 77087, 144597, -749832, 64841]
[103250, 407218, 451409, 256886, 202783, 380373, 64841, -1866760]

---------- A ----------
[(0, 0), (0, 1), (1, 1), (1, 0), (1, 2), (2, 2), (2, 1), (2, 3), (3, 3), (3, 2), (3, 4), (4, 4), (4, 3), (4, 5), (5, 5), (5, 4), (5, 6), (6, 6), (6, 5), (6, 7), (7, 7), (7, 6)]
 -----------------------

---------- Started Algorithm ----------

-- -- Valori ciclo 1/100 -- --
p = 1, f_prime = -17621208, f_star = -17621208, e = 0, d = 0, Nmax = 50, dmin = 30 e lambda = 0.5
z* = [[-1  1  1  1  1 -1  1  1]]
z' = [[1 1 1 1 1 1 1 1]]
Ci ho messo 0:00:00.001179 in totale

-- -- Valori ciclo 2/100 -- --
p = 1, f_prime = -12425088, f_star = -17621208, e = 0, d = 1, Nmax = 50, dmin = 30 e lambda = 0.3333333333333333
z* = [[-1  1  1  1  1 -1  1  1]]
z' = [[ 1 -1 -1 -1  1 -1 -1 -1]]
Ci ho messo 0:00:00.000103 in totale

-- -- Valori ciclo 3/100 -- --
p = 1, f_prime = -19724880, f_star = -19724880, e = 0, d = 0, Nmax = 50, dmin = 30 e lambda = 0.25
z* = [[ 1  1 -1 -1 -1 -1  1 -1]]
z' = [[-1  1  1  1  1 -1  1  1]]
Ci ho messo 0:00:00.000126 in totale

-- -- Valori ciclo 4/100 -- --
p = 1, f_prime = -20751040, f_star = -20751040, e = 0, d = 0, Nmax = 50, dmin = 30 e lambda = 0.2
z* = [[-1  1  1 -1 -1  1 -1  1]]
z' = [[ 1  1 -1 -1 -1 -1  1 -1]]
Ci ho messo 0:00:00.000174 in totale

-- -- Valori ciclo 5/100 -- --
p = 1, f_prime = -19285480, f_star = -20751040, e = 0, d = 1, Nmax = 50, dmin = 30 e lambda = 0.16666666666666666
z* = [[-1  1  1 -1 -1  1 -1  1]]
z' = [[-1  1 -1  1  1  1  1  1]]
Ci ho messo 0:00:00.000155 in totale

