 ---------- Problem start ----------


 S = [4251, 19523, 14327, 11239, 2476, 7411, 19853, 4195]

 ---------- Q ---------- 

[-335931024, 82992273, 60904077, 47776989, 10525476, 31504161, 84395103, 17832945]
[82992273, -1244630296, 279706021, 219418997, 48338948, 144684953, 387590119, 81898985]
[60904077, 279706021, -987817996, 161021153, 35473652, 106177397, 284433931, 60101765]
[47776989, 219418997, 161021153, -809612604, 27827764, 83292229, 223127867, 47147605]
[10525476, 48338948, 35473652, 27827764, -200058324, 18349636, 49156028, 10386820]
[31504161, 144684953, 106177397, 83292229, 18349636, -562228104, 147130583, 31089145]
[84395103, 387590119, 284433931, 223127867, 49156028, 147130583, -1259116966, 83283335]
[17832945, 81898985, 60101765, 47147605, 10386820, 31089145, 83283335, -331740600]

---------- A ----------
[(0, 0), (0, 1), (1, 1), (1, 0), (1, 2), (2, 2), (2, 1), (2, 3), (3, 3), (3, 2), (3, 4), (4, 4), (4, 3), (4, 5), (5, 5), (5, 4), (5, 6), (6, 6), (6, 5), (6, 7), (7, 7), (7, 6)]
 -----------------------

---------- Started Algorithm ----------

Expected time to complete: 0:23:28.994365

z_one = [[1 1 1 1 1 1 1 1]]
z_two = [[1 1 1 1 1 1 1 1]]

-- -- Valori ciclo 1/100 -- --
Non ci sono variazioni di f, z
e = 1, d = 0, Nmax = 50, dmin = 30 e lambda = 1.0
z* = [[1 1 1 1 1 1 1 1]]
Ci ho messo 0:00:13.846821
Tempo 'quantum': 0:00:00
Tempo 'hybrid': 0:00:13.846625
Tempo 'calcoli': 0:00:00.000196

-- -- Valori ciclo 2/100 -- --
Non ci sono variazioni di f, z
e = 2, d = 0, Nmax = 50, dmin = 30 e lambda = 1.0
z* = [[1 1 1 1 1 1 1 1]]
Ci ho messo 0:00:13.762490
Tempo 'quantum': 0:00:00
Tempo 'hybrid': 0:00:13.762294
Tempo 'calcoli': 0:00:00.000196

Tempo medio per iterazione: 0:00:11.553013
Tempo totale: 0:00:34.659038

So far we found:
- z - 
[[1]
 [1]
 [1]
 [1]
 [1]
 [1]
 [1]
 [1]]
and has minimum = 0
c = 83275, c^2 = 6934725625, diff = 6934725625

