 ---------- Problem start ----------


 S = [154, 33, 126, 16, 46, 121, 30, 37]

 ---------- Q ---------- 

[-62986, 5082, 19404, 2464, 7084, 18634, 4620, 5698]
[5082, -17490, 4158, 528, 1518, 3993, 990, 1221]
[19404, 4158, -55062, 2016, 5796, 15246, 3780, 4662]
[2464, 528, 2016, -8752, 736, 1936, 480, 592]
[7084, 1518, 5796, 736, -23782, 5566, 1380, 1702]
[18634, 3993, 15246, 1936, 5566, -53482, 3630, 4477]
[4620, 990, 3780, 480, 1380, 3630, -15990, 1110]
[5698, 1221, 4662, 592, 1702, 4477, 1110, -19462]

---------- A ----------
[(0, 0), (0, 1), (1, 1), (1, 0), (1, 2), (2, 2), (2, 1), (2, 3), (3, 3), (3, 2), (3, 4), (4, 4), (4, 3), (4, 5), (5, 5), (5, 4), (5, 6), (6, 6), (6, 5), (6, 7), (7, 7), (7, 6)]
 -----------------------

---------- Started Algorithm ----------

