 ---------- Problem start ----------


 S = [1694, 1436, 849, 515, 237, 2003, 812, 766]

 ---------- Q ---------- 

[-11210892, 2432584, 1438206, 872410, 401478, 3393082, 1375528, 1297604]
[2432584, -9873936, 1219164, 739540, 340332, 2876308, 1166032, 1099976]
[1438206, 1219164, -6336087, 437235, 201213, 1700547, 689388, 650334]
[872410, 739540, 437235, -4015455, 122055, 1031545, 418180, 394490]
[401478, 340332, 201213, 122055, -1913775, 474711, 192444, 181542]
[3393082, 2876308, 1700547, 1031545, 474711, -12636927, 1626436, 1534298]
[1375528, 1166032, 689388, 418180, 192444, 1626436, -6090000, 621992]
[1297604, 1099976, 650334, 394490, 181542, 1534298, 621992, -5780236]

---------- A ----------
[(0, 0), (0, 1), (1, 1), (1, 0), (1, 2), (2, 2), (2, 1), (2, 3), (3, 3), (3, 2), (3, 4), (4, 4), (4, 3), (4, 5), (5, 5), (5, 4), (5, 6), (6, 6), (6, 5), (6, 7), (7, 7), (7, 6)]
 -----------------------

---------- Started Algorithm ----------

-- -- Valori ciclo 1/100 -- --
p = 1, f_prime = -61394268, f_star = -61394268, e = 0, d = 0, Nmax = 50, dmin = 30 e lambda = 0.5
z* = [[-1 -1 -1 -1 -1  1 -1  1]]
z' = [[1 1 1 1 1 1 1 1]]
Ci ho messo 0:00:00.000396 in totale

-- -- Valori ciclo 2/100 -- --
p = 1, f_prime = -37076380, f_star = -61394268, e = 0, d = 1, Nmax = 50, dmin = 30 e lambda = 0.3333333333333333
z* = [[-1 -1 -1 -1 -1  1 -1  1]]
z' = [[ 1  1  1 -1  1  1 -1  1]]
Ci ho messo 0:00:00.000103 in totale

-- -- Valori ciclo 3/100 -- --
p = 1, f_prime = -63310128, f_star = -63310128, e = 0, d = 0, Nmax = 50, dmin = 30 e lambda = 0.25
z* = [[-1  1 -1  1  1 -1 -1  1]]
z' = [[-1 -1 -1 -1 -1  1 -1  1]]
Ci ho messo 0:00:00.000148 in totale

-- -- Valori ciclo 4/100 -- --
p = 1, f_prime = -30475548, f_star = -63310128, e = 0, d = 1, Nmax = 50, dmin = 30 e lambda = 0.2
z* = [[-1  1 -1  1  1 -1 -1  1]]
z' = [[ 1  1  1  1 -1  1 -1  1]]
Ci ho messo 0:00:00.000095 in totale

-- -- Valori ciclo 5/100 -- --
p = 1, f_prime = -57296988, f_star = -63310128, e = 0, d = 2, Nmax = 50, dmin = 30 e lambda = 0.16666666666666666
z* = [[-1  1 -1  1  1 -1 -1  1]]
z' = [[ 1 -1  1  1 -1  1  1 -1]]
Ci ho messo 0:00:00.000091 in totale

-- -- Valori ciclo 6/100 -- --
p = 1, f_prime = -66599260, f_star = -66599260, e = 0, d = 0, Nmax = 50, dmin = 30 e lambda = 0.14285714285714285
z* = [[ 1  1 -1 -1  1 -1  1  1]]
z' = [[-1  1 -1  1  1 -1 -1  1]]
Ci ho messo 0:00:00.000154 in totale

-- -- Valori ciclo 7/100 -- --
p = 1, f_prime = -50547708, f_star = -66599260, e = 0, d = 1, Nmax = 50, dmin = 30 e lambda = 0.125
z* = [[ 1  1 -1 -1  1 -1  1  1]]
z' = [[-1 -1 -1 -1 -1  1 -1 -1]]
Ci ho messo 0:00:00.001588 in totale

