 ---------- Problem start ----------


 S = [9, 27, 9, 28, 28, 43, 27, 32]

 ---------- Q ---------- 

[-1746, 243, 81, 252, 252, 387, 243, 288]
[243, -4752, 243, 756, 756, 1161, 729, 864]
[81, 243, -1746, 252, 252, 387, 243, 288]
[252, 756, 252, -4900, 784, 1204, 756, 896]
[252, 756, 252, 784, -4900, 1204, 756, 896]
[387, 1161, 387, 1204, 1204, -6880, 1161, 1376]
[243, 729, 243, 756, 756, 1161, -4752, 864]
[288, 864, 288, 896, 896, 1376, 864, -5472]

---------- A ----------
[(0, 0), (0, 1), (1, 1), (1, 0), (1, 2), (2, 2), (2, 1), (2, 3), (3, 3), (3, 2), (3, 4), (4, 4), (4, 3), (4, 5), (5, 5), (5, 4), (5, 6), (6, 6), (6, 5), (6, 7), (7, 7), (7, 6)]
 -----------------------

---------- Started Algorithm ----------

