 ---------- Problem start ----------


 S = [162, 130, 68, 143, 91, 108, 38, 41]

 ---------- Q ---------- 

[-100278, 21060, 11016, 23166, 14742, 17496, 6156, 6642]
[21060, -84630, 8840, 18590, 11830, 14040, 4940, 5330]
[11016, 8840, -48484, 9724, 6188, 7344, 2584, 2788]
[23166, 18590, 9724, -91234, 13013, 15444, 5434, 5863]
[14742, 11830, 6188, 13013, -62790, 9828, 3458, 3731]
[17496, 14040, 7344, 15444, 9828, -72684, 4104, 4428]
[6156, 4940, 2584, 5434, 3458, 4104, -28234, 1558]
[6642, 5330, 2788, 5863, 3731, 4428, 1558, -30340]

---------- A ----------
[(0, 0), (0, 1), (1, 1), (1, 0), (1, 2), (2, 2), (2, 1), (2, 3), (3, 3), (3, 2), (3, 4), (4, 4), (4, 3), (4, 5), (5, 5), (5, 4), (5, 6), (6, 6), (6, 5), (6, 7), (7, 7), (7, 6)]
 -----------------------

---------- Started Algorithm ----------

