 ---------- Problem start ----------


 S = [3941, 4592, 8499, 3002, 8897, 5443, 6162, 4505]

 ---------- Q ---------- 

[-161975100, 18097072, 33494559, 11830882, 35063077, 21450863, 24284442, 17754205]
[18097072, -185741808, 39027408, 13785184, 40855024, 24994256, 28295904, 20686960]
[33494559, 39027408, -310570458, 25513998, 75615603, 46260057, 52370838, 38287995]
[11830882, 13785184, 25513998, -126201078, 26708794, 16339886, 18498324, 13524010]
[35063077, 40855024, 75615603, 26708794, -321573168, 48426371, 54823314, 40080985]
[21450863, 24994256, 46260057, 16339886, 48426371, -215531914, 33539766, 24520715]
[24284442, 28295904, 52370838, 18498324, 54823314, 33539766, -239572398, 27759810]
[17754205, 20686960, 38287995, 13524010, 40080985, 24520715, 27759810, -182614680]

---------- A ----------
[(0, 0), (0, 1), (1, 1), (1, 0), (1, 2), (2, 2), (2, 1), (2, 3), (3, 3), (3, 2), (3, 4), (4, 4), (4, 3), (4, 5), (5, 5), (5, 4), (5, 6), (6, 6), (6, 5), (6, 7), (7, 7), (7, 6)]
 -----------------------

---------- Started Algorithm ----------

